$ANSIBLE_VAULT;1.1;AES256
31663566623534613634623137333961616461333230323439643034393737613264623532636434
6563333033663133653031643137633838343431633362660a396462653730623832343532393836
32383632373339376335333637666262646433343734386231323138386335363330376463336331
3035303465303061310a393363613731656463636239616238356664613233636330646334363566
31616133636231383562313730353639613939646230383935383537616433306332656230353033
63303934343866643432353566326139303536643936656139396263376362626639613834366361
65303535663433373765356661616664363434363938653435366538386466346138633032323035
65616135663961633936656538663134326465346661363635376531613530333735663765346134
32356435623737346262303965333363316438306339373135656432666362643463636336653564
38633937616138633038666334366465616565666234613038383361636430363066346362623261
34363531333833663332613430663963653930666366666439386166373838343063333164376665
36633734363364613339626133643737363638356631363661636663663762653631313565383531
30356338393462343235643034336639343739333538373230393966306335636231353761363132
37303632633363616533356533316465323238666634306365363636383133623834373561306239
32353238663363323435363735346561313263386262353939366132343939353036356166643863
31646162386462636436336233396266333437393163306661643836636132356530653161303130
62623036333264333539306231653264353536376637386134653839653065393134393361313366
61383831323166653666363832666662316632623266616131633432346461393130396234333234
30663535346562303834303763303439633934306333333035646535313964383365373436366634
37663865653131313037333633363763656533323837313061643838393164393832343432363434
37353466643438666137393964376566346539313263633232363338613261386661363033626432
32346536653535626135666235323937653930356430613262643465626433373030663963623162
36613835653131636631633163613930356331343039613564663433303333386633343537646561
34633330393062393862633962653235663966656361613936353764656165346135616434666637
35336661643532653638316430616333353336376137626461376164396636663462363137666465
3735623733383631373331396561633866343936646437636563
